Run ended at: 2026-02-20_12:23:35
Run finished at: 2026-02-20_13:10:29
Operator type: ModalTensor
p_vec: [1, 2, 3, 4, 5, 6, 7, 8]
M_vec: [2, 4, 8, 12, 16]
advection velocity: (1.25, 0.6614378277661477)
Domain length L: 1.0
End time T: 0.4
CFL 0.1
Upwind (1.0)/symmetric flux (0.0): 1.0
Mesh warping parameter: 0.0
Error matrix (rows=M_vec, cols=p_vec):
0.41237742581613995	0.46131268922736923	0.5694713950436396	0.30431897752267356	0.47429311679971187	0.37780569768246175	0.3730877097790713	0.36687549004779996
0.6872790225935291	0.3462103316778066	0.379740994329943	0.35859108706309506	0.2600764109532074	0.08820624673311808	0.028180139234379054	0.00847921068876806
0.40216386702434076	0.3435468915350384	0.13231131920444159	0.01905463785013424	0.0046084300453399915	0.000570080085589301	0.00018945503164567468	1.600128755803193e-5
0.37595173361032486	0.15383400117202262	0.01759729804691616	0.002296478218771777	0.00035219420964277586	4.947993102838782e-5	6.211897139743624e-6	6.558591065569268e-7
0.3245838209920795	0.05423652244327817	0.004371916816158051	0.0005417545989288675	6.572832219500127e-5	6.726200078266285e-6	6.190335802445941e-7	4.968138432227024e-8

DOF matrix (rows=M_vec, cols=p_vec):
24.0	48.0	80.0	120.0	168.0	224.0	288.0	360.0
96.0	192.0	320.0	480.0	672.0	896.0	1152.0	1440.0
384.0	768.0	1280.0	1920.0	2688.0	3584.0	4608.0	5760.0
864.0	1728.0	2880.0	4320.0	6048.0	8064.0	10368.0	12960.0
1536.0	3072.0	5120.0	7680.0	10752.0	14336.0	18432.0	23040.0
dt matrix (rows=M_vec, cols=p_vec):
0.005	0.0025	0.0016666666666666668	0.00125	0.001	0.0008333333333333334	0.0007142857142857143	0.000625
0.005	0.0025	0.0016666666666666668	0.00125	0.001	0.0008333333333333334	0.0007142857142857143	0.000625
0.005	0.0025	0.0016666666666666668	0.00125	0.001	0.0008333333333333334	0.0007142857142857143	0.000625
0.005	0.0025	0.0016666666666666668	0.00125	0.001	0.0008333333333333334	0.0007142857142857143	0.000625
0.005	0.0025	0.0016666666666666668	0.00125	0.001	0.0008333333333333334	0.0007142857142857143	0.000625
Setup times (seconds) for each (M,p) pair (rows=M_vec, cols=p_vec):
1.5377881526947021	0.9459059238433838	1.5507750511169434	1.4910540580749512	7.874816179275513	17.824941873550415	37.86963200569153	78.59266090393066
0.027769088745117188	0.01203298568725586	0.024365901947021484	0.021819114685058594	0.03636503219604492	0.03584003448486328	0.04368090629577637	0.06341195106506348
0.015558958053588867	0.020923137664794922	0.03498983383178711	0.047640085220336914	0.06748509407043457	0.0509190559387207	0.0716390609741211	0.0981287956237793
0.01752614974975586	0.01900005340576172	0.0330510139465332	0.06275510787963867	0.0695650577545166	0.08536911010742188	0.12341094017028809	0.1618039608001709
0.021583080291748047	0.028860092163085938	0.042633056640625	0.07644510269165039	0.09457111358642578	0.13368892669677734	0.18932485580444336	0.254802942276001
Run times (seconds) for each (M,p) pair (rows=M_vec, cols=p_vec):
2.15775990486145	3.159794807434082	6.882751941680908	36.358736991882324	86.97376799583435	232.01931309700012	524.1789879798889	1555.593064069748
0.2395920753479004	0.42911601066589355	0.6475119590759277	0.9340300559997559	1.2330760955810547	1.416161060333252	1.8763139247894287	2.54439115524292
0.660822868347168	1.1029729843139648	1.9012329578399658	2.7982351779937744	3.6471829414367676	4.487610101699829	6.191573143005371	7.61521315574646
1.252798080444336	2.1958999633789062	3.691049814224243	5.6144139766693115	7.180990934371948	9.417618989944458	12.939122200012207	16.9933979511261
1.855118989944458	3.782019853591919	6.256839990615845	9.283006191253662	12.605822086334229	17.07895302772522	22.48154616355896	30.125983953475952
