Run ended at: 2026-02-20_12:09:59
Run finished at: 2026-02-20_12:23:35
Operator type: NodalTPSSLGL
p_vec: [1, 2, 3, 4, 5, 6, 7, 8]
M_vec: [2, 4, 8, 12, 16]
advection velocity: (1.25, 0.6614378277661477)
Domain length L: 1.0
End time T: 0.4
CFL 0.1
Upwind (1.0)/symmetric flux (0.0): 1.0
Mesh warping parameter: 0.0
Error matrix (rows=M_vec, cols=p_vec):
0.5123900617842169	0.4865689958349798	0.33603557381122184	0.2513691057716897	0.2399417548787862	0.07131109108364116	0.04197226346283883	0.010376354134075933
0.38409254405878385	0.1906645769626558	0.11942353534526427	0.020568004619452157	0.004577418266332056	0.0007920641083908223	0.00011950368065651157	1.8345243606618996e-5
0.15989446144286185	0.03725191296992235	0.003996304309469046	0.00037036167488306077	3.902742164489678e-5	3.6433128393938902e-6	2.5684378915422627e-7	2.377793835706749e-8
0.060784344492339396	0.009172097675349863	0.0005725318368606705	4.728877084259696e-5	2.7001762759968104e-6	1.8358960887454328e-7	1.0234455753695436e-8	5.28240617067407e-10
0.032181221298440886	0.0025695872374427954	0.0001592181133492287	8.668082340537035e-6	4.5905039190148506e-7	1.963137959364924e-8	9.93308843634718e-10	5.798612076523545e-11

DOF matrix (rows=M_vec, cols=p_vec):
152.0	296.0	488.0	728.0	1016.0	1352.0	1736.0	2168.0
608.0	1184.0	1952.0	2912.0	4064.0	5408.0	6944.0	8672.0
2432.0	4736.0	7808.0	11648.0	16256.0	21632.0	27776.0	34688.0
5472.0	10656.0	17568.0	26208.0	36576.0	48672.0	62496.0	78048.0
9728.0	18944.0	31232.0	46592.0	65024.0	86528.0	111104.0	138752.0
dt matrix (rows=M_vec, cols=p_vec):
0.005	0.0025	0.0016666666666666668	0.00125	0.001	0.0008333333333333334	0.0007142857142857143	0.000625
0.005	0.0025	0.0016666666666666668	0.00125	0.001	0.0008333333333333334	0.0007142857142857143	0.000625
0.005	0.0025	0.0016666666666666668	0.00125	0.001	0.0008333333333333334	0.0007142857142857143	0.000625
0.005	0.0025	0.0016666666666666668	0.00125	0.001	0.0008333333333333334	0.0007142857142857143	0.000625
0.005	0.0025	0.0016666666666666668	0.00125	0.001	0.0008333333333333334	0.0007142857142857143	0.000625
Setup times (seconds) for each (M,p) pair (rows=M_vec, cols=p_vec):
0.08109807968139648	0.009884119033813477	0.022850990295410156	0.04088997840881348	0.0728001594543457	0.15288591384887695	0.22354793548583984	0.5224399566650391
0.010236024856567383	0.019216060638427734	0.029922008514404297	0.04813694953918457	0.08231496810913086	0.1293010711669922	0.21253705024719238	0.3591299057006836
0.014822959899902344	0.03685402870178223	0.24634718894958496	0.08388900756835938	0.128464937210083	0.2074141502380371	0.32167887687683105	0.5241210460662842
0.0270688533782959	0.05102205276489258	0.10681819915771484	0.33103108406066895	0.2113039493560791	0.3573739528656006	0.6839001178741455	1.345790147781372
0.038548946380615234	0.07584881782531738	0.1311650276184082	0.4068460464477539	0.5163462162017822	0.7284889221191406	1.0172820091247559	1.984133005142212
Run times (seconds) for each (M,p) pair (rows=M_vec, cols=p_vec):
0.054039955139160156	0.13654088973999023	0.20246601104736328	0.36297011375427246	0.5831630229949951	0.9943151473999023	2.109884023666382	3.430356025695801
0.06468796730041504	0.26934003829956055	0.4812510013580322	0.8092310428619385	1.7564880847930908	3.2683799266815186	7.454378128051758	12.865479946136475
0.13198494911193848	0.477741003036499	1.0682001113891602	2.7484140396118164	6.093995094299316	12.146408081054688	28.48081398010254	58.34956192970276
0.19301199913024902	0.6259071826934814	1.9665629863739014	6.094954013824463	13.427388906478882	27.273250102996826	64.00256514549255	124.63328814506531
0.29595088958740234	1.0688278675079346	3.4977221488952637	10.594028949737549	23.717767000198364	48.36267399787903	114.58171200752258	219.81403398513794
