Run ended at: 2026-02-20_12:08:50
Run finished at: 2026-02-20_12:09:59
Operator type: NodalDiagE
p_vec: [1, 2, 3, 4, 5, 6, 7, 8]
M_vec: [2, 4, 8, 12, 16]
advection velocity: (1.25, 0.6614378277661477)
Domain length L: 1.0
End time T: 0.4
CFL 0.1
Upwind (1.0)/symmetric flux (0.0): 1.0
Mesh warping parameter: 0.0
Error matrix (rows=M_vec, cols=p_vec):
0.16090364201028748	0.2484125575579191	0.7665966456667026	0.636987002983748	0.3580309971321763	0.4038076519263383	0.36357339458824095	0.34576980512420324
0.18027687943266474	0.4969700845657248	0.3528293995626882	0.28728147986726826	0.1958120720037716	0.0677033031749831	0.02002692725487974	0.009055216782840972
0.41309751696138297	0.2455057592182702	0.07179568583756014	0.017166896610860686	0.00671333211873141	0.0007635268181662882	0.00017527203923414227	4.1112407320863896e-5
0.33072125140621783	0.07616266124717723	0.01095773766684257	0.0018450018528086585	0.0007974703393071616	5.069438391053873e-5	7.856880817637395e-6	1.4339974417092553e-6
0.2434090453715041	0.023621943114332872	0.0033075433235543795	0.0004850871071964082	0.00016687686581146982	7.794968610753769e-6	7.645426123192011e-7	1.254644790596102e-7

DOF matrix (rows=M_vec, cols=p_vec):
56.0	96.0	144.0	216.0	288.0	384.0	456.0	576.0
224.0	384.0	576.0	864.0	1152.0	1536.0	1824.0	2304.0
896.0	1536.0	2304.0	3456.0	4608.0	6144.0	7296.0	9216.0
2016.0	3456.0	5184.0	7776.0	10368.0	13824.0	16416.0	20736.0
3584.0	6144.0	9216.0	13824.0	18432.0	24576.0	29184.0	36864.0
dt matrix (rows=M_vec, cols=p_vec):
0.005	0.0025	0.0016666666666666668	0.00125	0.001	0.0008333333333333334	0.0007142857142857143	0.000625
0.005	0.0025	0.0016666666666666668	0.00125	0.001	0.0008333333333333334	0.0007142857142857143	0.000625
0.005	0.0025	0.0016666666666666668	0.00125	0.001	0.0008333333333333334	0.0007142857142857143	0.000625
0.005	0.0025	0.0016666666666666668	0.00125	0.001	0.0008333333333333334	0.0007142857142857143	0.000625
0.005	0.0025	0.0016666666666666668	0.00125	0.001	0.0008333333333333334	0.0007142857142857143	0.000625
Setup times (seconds) for each (M,p) pair (rows=M_vec, cols=p_vec):
0.03005504608154297	0.01392507553100586	0.013011932373046875	0.018291950225830078	0.03330802917480469	0.028922080993652344	0.035382986068725586	0.0462799072265625
0.00774693489074707	0.02005600929260254	0.024876832962036133	0.04081606864929199	0.04764509201049805	0.05651116371154785	0.059890031814575195	0.045423030853271484
0.011174917221069336	0.02915215492248535	0.037194013595581055	0.04288601875305176	0.037251949310302734	0.0570979118347168	0.06529092788696289	0.0940239429473877
0.01699209213256836	0.03305506706237793	0.0587918758392334	0.051774024963378906	0.054882049560546875	0.07522296905517578	0.08966779708862305	0.1191411018371582
0.024340152740478516	0.06469607353210449	0.047766923904418945	0.08580899238586426	0.11116385459899902	0.32614922523498535	0.14607787132263184	0.1848609447479248
Run times (seconds) for each (M,p) pair (rows=M_vec, cols=p_vec):
0.05830812454223633	0.22881102561950684	0.2626628875732422	0.34390807151794434	0.4087369441986084	0.45685696601867676	0.575570821762085	0.5906298160552979
0.08551597595214844	0.19401311874389648	0.31623291969299316	0.3696329593658447	0.42908596992492676	0.6127579212188721	0.7348711490631104	1.349510908126831
0.16517400741577148	0.3011000156402588	0.4700179100036621	0.6538009643554688	1.021432876586914	1.2683260440826416	1.9106099605560303	3.7692339420318604
0.17129302024841309	0.4169769287109375	0.5514531135559082	1.042504072189331	1.7010741233825684	2.5264031887054443	4.398664951324463	7.418243169784546
0.2737569808959961	0.692317008972168	1.1074090003967285	1.5016000270843506	2.8815300464630127	4.438496112823486	6.925250053405762	13.17927098274231
