Run ended at: 2026-02-20_13:10:29
Run finished at: 2026-02-20_13:11:36
Operator type: NodalOmega
p_vec: [1, 2, 3, 4, 5, 6, 7, 8]
M_vec: [2, 4, 8, 12, 16]
advection velocity: (1.25, 0.6614378277661477)
Domain length L: 1.0
End time T: 0.4
CFL 0.1
Upwind (1.0)/symmetric flux (0.0): 1.0
Mesh warping parameter: 0.0
Error matrix (rows=M_vec, cols=p_vec):
0.16288125127487638	0.5984419737898052	0.5689694469302693	0.5200028317608781	0.45276586794754564	0.33244921631726604	0.3213549878770307	0.34241243984939657
0.6782448866956311	0.30555944990004535	0.320186312135908	0.42266379034752316	0.26572362690132917	0.09007653790777422	0.027456848741237445	0.00826533201831826
0.35857354113170503	0.35132506278284364	0.12962626945488417	0.018921908324268964	0.004563469010921876	0.0004963118585213264	0.00018850443167478336	1.598262524944025e-5
0.3755451430467949	0.1533190741214215	0.017447377179873297	0.0024229736908519314	0.0003542342325059962	4.846729225820772e-5	6.029433588163516e-6	6.488692125481052e-7
0.3241992096476042	0.053938671692217416	0.00429391193968431	0.0005741488964775119	6.646269423124446e-5	6.5446453398989885e-6	5.98791685009759e-7	4.920015979774965e-8

DOF matrix (rows=M_vec, cols=p_vec):
24.0	48.0	96.0	128.0	200.0	288.0	368.0	464.0
96.0	192.0	384.0	512.0	800.0	1152.0	1472.0	1856.0
384.0	768.0	1536.0	2048.0	3200.0	4608.0	5888.0	7424.0
864.0	1728.0	3456.0	4608.0	7200.0	10368.0	13248.0	16704.0
1536.0	3072.0	6144.0	8192.0	12800.0	18432.0	23552.0	29696.0
dt matrix (rows=M_vec, cols=p_vec):
0.005	0.0025	0.0016666666666666668	0.00125	0.001	0.0008333333333333334	0.0007142857142857143	0.000625
0.005	0.0025	0.0016666666666666668	0.00125	0.001	0.0008333333333333334	0.0007142857142857143	0.000625
0.005	0.0025	0.0016666666666666668	0.00125	0.001	0.0008333333333333334	0.0007142857142857143	0.000625
0.005	0.0025	0.0016666666666666668	0.00125	0.001	0.0008333333333333334	0.0007142857142857143	0.000625
0.005	0.0025	0.0016666666666666668	0.00125	0.001	0.0008333333333333334	0.0007142857142857143	0.000625
Setup times (seconds) for each (M,p) pair (rows=M_vec, cols=p_vec):
0.22045588493347168	0.012035846710205078	0.02208399772644043	0.03315114974975586	0.043717145919799805	0.028687000274658203	0.04155111312866211	0.048280954360961914
0.009968996047973633	0.02014899253845215	0.035140037536621094	0.03869295120239258	0.0490269660949707	0.06071901321411133	0.041905879974365234	0.05822110176086426
0.014445066452026367	0.024513959884643555	0.026905059814453125	0.04397296905517578	0.07028412818908691	0.08210396766662598	0.08575892448425293	0.11644291877746582
0.032974958419799805	0.026500940322875977	0.049749135971069336	0.09436511993408203	0.08969497680664062	0.10872697830200195	0.13955116271972656	0.19701099395751953
0.02157902717590332	0.0449981689453125	0.06961798667907715	0.09346818923950195	0.08219599723815918	0.11265110969543457	0.14931893348693848	0.4432520866394043
Run times (seconds) for each (M,p) pair (rows=M_vec, cols=p_vec):
1.520920991897583	0.1647629737854004	0.3277440071105957	0.37900495529174805	0.4680979251861572	0.5481860637664795	0.9128320217132568	0.6606788635253906
0.07364010810852051	0.19908595085144043	0.36647701263427734	0.3614819049835205	0.5677800178527832	0.7376680374145508	0.934100866317749	1.3433339595794678
0.11420392990112305	0.29457688331604004	0.5039870738983154	0.668255090713501	0.9131450653076172	1.545151948928833	2.1617040634155273	3.5101311206817627
0.17429804801940918	0.483165979385376	0.686439037322998	0.8889670372009277	1.5666289329528809	2.6342580318450928	3.7439818382263184	6.451771974563599
0.26190900802612305	0.6781721115112305	0.9200470447540283	1.4209530353546143	2.3656768798828125	4.345165014266968	6.210411071777344	11.268680810928345
