Run ended at: 2026-02-20_13:26:08
Run finished at: 2026-02-20_13:29:54
Operator type: ModalTensor
p_vec: [1, 2, 3, 4, 5, 6, 7, 8]
M_vec: [2, 4, 8, 12, 16]
advection velocity: (1.25, 0.6614378277661477)
Domain length L: 1.0
End time T: 0.4
CFL 0.1
Upwind (1.0)/symmetric flux (0.0): 1.0
Mesh warping parameter: 0.0
Error matrix (rows=M_vec, cols=p_vec):
0.4123774258216161	0.4613126892294362	0.5694713950419366	0.30431897752313714	0.47429311679971187	0.37780569768339406	0.37308770977883826	0.3668754900190769
0.6872790225739202	0.3462103316857897	0.37974099432853187	0.358591087144612	0.2600764109532074	0.08820624688103396	0.028180139382434553	0.008479210797664028
0.402163867038295	0.3435468916154292	0.1323113161260005	0.0190546371370447	0.0046084300453399915	0.0005700801196895239	0.00018945503721048485	1.6001289988774995e-5
0.37595173423742234	0.15383397503640375	0.017597294000134083	0.002296477951564256	0.00035219420964277586	4.947993380414017e-5	6.2118975361033864e-6	6.558593802201185e-7
0.32458365822616037	0.05423648528126891	0.004371913961118527	0.0005417545006109422	6.572832219500127e-5	6.726200759385013e-6	6.190337678808117e-7	4.96837306245651e-8

DOF matrix (rows=M_vec, cols=p_vec):
24.0	48.0	80.0	120.0	168.0	224.0	288.0	360.0
96.0	192.0	320.0	480.0	672.0	896.0	1152.0	1440.0
384.0	768.0	1280.0	1920.0	2688.0	3584.0	4608.0	5760.0
864.0	1728.0	2880.0	4320.0	6048.0	8064.0	10368.0	12960.0
1536.0	3072.0	5120.0	7680.0	10752.0	14336.0	18432.0	23040.0
dt matrix (rows=M_vec, cols=p_vec):
0.001	0.001	0.001	0.001	0.001	0.001	0.001	0.001
0.001	0.001	0.001	0.001	0.001	0.001	0.001	0.001
0.001	0.001	0.001	0.001	0.001	0.001	0.001	0.001
0.001	0.001	0.001	0.001	0.001	0.001	0.001	0.001
0.001	0.001	0.001	0.001	0.001	0.001	0.001	0.001
Setup times (seconds) for each (M,p) pair (rows=M_vec, cols=p_vec):
0.1733238697052002	0.03535008430480957	0.0326840877532959	0.03732109069824219	0.050581932067871094	0.0324709415435791	0.038847923278808594	0.04558706283569336
0.026742935180664062	0.028689146041870117	0.035891056060791016	0.03571200370788574	0.06002402305603027	0.054598093032836914	0.0666649341583252	0.0599210262298584
0.028376102447509766	0.08064389228820801	0.038205862045288086	0.05810284614562988	0.053620100021362305	0.055444955825805664	0.07024693489074707	0.1239020824432373
0.050837039947509766	0.03882193565368652	0.04376411437988281	0.054937124252319336	0.11949706077575684	0.11655998229980469	0.12279510498046875	0.13358187675476074
0.036538124084472656	0.05202984809875488	0.12476491928100586	0.07970309257507324	0.10686683654785156	0.12901020050048828	0.17463088035583496	0.26694393157958984
Run times (seconds) for each (M,p) pair (rows=M_vec, cols=p_vec):
0.4209940433502197	0.4689459800720215	0.4945650100708008	0.5026299953460693	0.7174718379974365	0.7052290439605713	0.7482550144195557	0.7549638748168945
1.0642499923706055	1.1003549098968506	1.0413250923156738	1.2086460590362549	1.3880341053009033	1.3905818462371826	1.4886350631713867	1.8372840881347656
2.9262020587921143	3.3094029426574707	3.027703046798706	3.4139251708984375	4.024698972702026	4.029191970825195	6.336107015609741	5.235852956771851
5.52032208442688	6.020254135131836	6.6297080516815186	8.267446994781494	7.747642993927002	8.309765100479126	9.616894006729126	10.709254026412964
9.502649068832397	10.292557001113892	13.887813091278076	12.371346950531006	13.5886549949646	15.48455810546875	17.45389199256897	19.56464910507202
