Run ended at: 2026-02-20_13:13:49
Run finished at: 2026-02-20_13:14:50
Operator type: NodalDiagE
p_vec: [1, 2, 3, 4, 5, 6, 7, 8]
M_vec: [2, 4, 8, 12, 16]
advection velocity: (1.25, 0.6614378277661477)
Domain length L: 1.0
End time T: 0.4
CFL 0.1
Upwind (1.0)/symmetric flux (0.0): 1.0
Mesh warping parameter: 0.0
Error matrix (rows=M_vec, cols=p_vec):
0.1609036420222706	0.2484125575571421	0.7665966456672013	0.6369870029839122	0.3580309971321763	0.4038076519268829	0.36357339458053717	0.34576980509797745
0.18027687943573786	0.4969700844715441	0.3528293995695432	0.2872814798228273	0.1958120720037716	0.06770330332042351	0.020026927423702913	0.00905521684387339
0.41309751612641665	0.24550574824534227	0.07179568193792468	0.017166896284191838	0.00671333211873141	0.0007635268254786346	0.00017527204076034185	4.111240781808528e-5
0.33072114044687867	0.07616263351669289	0.010957735559586353	0.0018450017651554112	0.0007974703393071616	5.069438434002777e-5	7.856880929556982e-6	1.433997541368633e-6
0.24340852561252754	0.023621919862001642	0.0033075424526464036	0.000485087084092121	0.00016687686581146982	7.794968684914529e-6	7.645427784334551e-7	1.2546540482457477e-7

DOF matrix (rows=M_vec, cols=p_vec):
56.0	96.0	144.0	216.0	288.0	384.0	456.0	576.0
224.0	384.0	576.0	864.0	1152.0	1536.0	1824.0	2304.0
896.0	1536.0	2304.0	3456.0	4608.0	6144.0	7296.0	9216.0
2016.0	3456.0	5184.0	7776.0	10368.0	13824.0	16416.0	20736.0
3584.0	6144.0	9216.0	13824.0	18432.0	24576.0	29184.0	36864.0
dt matrix (rows=M_vec, cols=p_vec):
0.001	0.001	0.001	0.001	0.001	0.001	0.001	0.001
0.001	0.001	0.001	0.001	0.001	0.001	0.001	0.001
0.001	0.001	0.001	0.001	0.001	0.001	0.001	0.001
0.001	0.001	0.001	0.001	0.001	0.001	0.001	0.001
0.001	0.001	0.001	0.001	0.001	0.001	0.001	0.001
Setup times (seconds) for each (M,p) pair (rows=M_vec, cols=p_vec):
0.07592105865478516	0.030220985412597656	0.048873186111450195	0.027447938919067383	0.030395030975341797	0.030726909637451172	0.03980398178100586	0.03515195846557617
0.03744006156921387	0.0500950813293457	0.039335012435913086	0.02776789665222168	0.03615903854370117	0.03058600425720215	0.03602790832519531	0.05684494972229004
0.04871320724487305	0.03592991828918457	0.04918098449707031	0.056134939193725586	0.03776216506958008	0.04241609573364258	0.0695500373840332	0.06173515319824219
0.05222606658935547	0.04641985893249512	0.05495190620422363	0.06188797950744629	0.07442402839660645	0.1055910587310791	0.3226039409637451	0.10898089408874512
0.09201192855834961	0.06328892707824707	0.07459592819213867	0.09502315521240234	0.0928199291229248	0.11370682716369629	0.14547991752624512	0.1724228858947754
Run times (seconds) for each (M,p) pair (rows=M_vec, cols=p_vec):
0.3215160369873047	0.3379340171813965	0.3989698886871338	0.28874993324279785	0.33657121658325195	0.32886314392089844	0.3306589126586914	0.45802903175354004
0.38901495933532715	0.5288741588592529	0.4547748565673828	0.4389760494232178	0.41821885108947754	0.4541890621185303	0.6048629283905029	0.9379589557647705
0.6729509830474854	0.626701831817627	0.6456451416015625	0.7558858394622803	1.0129060745239258	1.1450591087341309	1.5088250637054443	2.546950101852417
0.7894449234008789	0.8315911293029785	0.9302210807800293	1.2264988422393799	1.7526931762695312	2.173326015472412	2.910295009613037	4.621815919876099
1.1660361289978027	1.26784086227417	1.8290870189666748	2.1013619899749756	2.8366708755493164	3.7561769485473633	4.975491046905518	8.398858070373535
