Run ended at: 2026-02-20_13:29:54
Run finished at: 2026-02-20_13:30:52
Operator type: NodalOmega
p_vec: [1, 2, 3, 4, 5, 6, 7, 8]
M_vec: [2, 4, 8, 12, 16]
advection velocity: (1.25, 0.6614378277661477)
Domain length L: 1.0
End time T: 0.4
CFL 0.1
Upwind (1.0)/symmetric flux (0.0): 1.0
Mesh warping parameter: 0.0
Error matrix (rows=M_vec, cols=p_vec):
0.16288125127487627	0.5984419737898822	0.5689694469300897	0.520002831760963	0.45276586794754564	0.3324492163171308	0.32135498787828504	0.3424124398158375
0.6782448866780748	0.30555944991719225	0.3201863121298716	0.42266379046201574	0.26572362690132917	0.09007653805521955	0.027456848893666008	0.008265332130109328
0.3585735411315324	0.3513250629217986	0.12962626635359428	0.018921907606614243	0.004563469010921876	0.0004963118974462856	0.00018850443731430373	1.5982627685074832e-5
0.3755451434603084	0.1533190478600566	0.01744737310289951	0.0024229734367580053	0.0003542342325059962	4.846729501449275e-5	6.029433999242892e-6	6.488694892750011e-7
0.32419904630902047	0.05393863428661499	0.0042939090326260575	0.000574148805173154	6.646269423124446e-5	6.54464604010656e-6	5.987918761813815e-7	4.920252813043065e-8

DOF matrix (rows=M_vec, cols=p_vec):
24.0	48.0	96.0	128.0	200.0	288.0	368.0	464.0
96.0	192.0	384.0	512.0	800.0	1152.0	1472.0	1856.0
384.0	768.0	1536.0	2048.0	3200.0	4608.0	5888.0	7424.0
864.0	1728.0	3456.0	4608.0	7200.0	10368.0	13248.0	16704.0
1536.0	3072.0	6144.0	8192.0	12800.0	18432.0	23552.0	29696.0
dt matrix (rows=M_vec, cols=p_vec):
0.001	0.001	0.001	0.001	0.001	0.001	0.001	0.001
0.001	0.001	0.001	0.001	0.001	0.001	0.001	0.001
0.001	0.001	0.001	0.001	0.001	0.001	0.001	0.001
0.001	0.001	0.001	0.001	0.001	0.001	0.001	0.001
0.001	0.001	0.001	0.001	0.001	0.001	0.001	0.001
Setup times (seconds) for each (M,p) pair (rows=M_vec, cols=p_vec):
0.03595399856567383	0.027323007583618164	0.04682803153991699	0.03202199935913086	0.03173708915710449	0.03432488441467285	0.05959200859069824	0.03512096405029297
0.05245184898376465	0.04727292060852051	0.04162406921386719	0.03232097625732422	0.05877208709716797	0.06779289245605469	0.04467010498046875	0.06807899475097656
0.06178021430969238	0.032160043716430664	0.062170982360839844	0.0382390022277832	0.06798815727233887	0.09598088264465332	0.07707905769348145	0.07590985298156738
0.037446022033691406	0.06247091293334961	0.06463384628295898	0.06606006622314453	0.10317611694335938	0.13572907447814941	0.08616900444030762	0.12853479385375977
0.06318497657775879	0.04494309425354004	0.07731509208679199	0.09725284576416016	0.12141084671020508	0.11220407485961914	0.11003494262695312	0.1838388442993164
Run times (seconds) for each (M,p) pair (rows=M_vec, cols=p_vec):
0.4008049964904785	0.3809478282928467	0.4877779483795166	0.35034680366516113	0.441608190536499	0.4290010929107666	0.5618410110473633	0.5293641090393066
0.44628286361694336	0.4782989025115967	0.488936185836792	0.3840188980102539	0.567486047744751	0.6396188735961914	0.7564160823822021	0.785041093826294
0.6891419887542725	0.6268200874328613	0.7062869071960449	0.7437160015106201	0.9932260513305664	1.6281778812408447	1.4829659461975098	2.0465190410614014
0.8575530052185059	0.809967041015625	1.2107019424438477	1.1713528633117676	1.5647308826446533	2.27640700340271	2.728482961654663	3.9626550674438477
1.051365852355957	1.2157621383666992	1.4997410774230957	1.5882561206817627	2.344550848007202	3.7815101146698	4.486538887023926	7.084207057952881
