Run ended at: 2026-02-20_13:14:50
Run finished at: 2026-02-20_13:26:08
Operator type: NodalTPSSLGL
p_vec: [1, 2, 3, 4, 5, 6, 7, 8]
M_vec: [2, 4, 8, 12, 16]
advection velocity: (1.25, 0.6614378277661477)
Domain length L: 1.0
End time T: 0.4
CFL 0.1
Upwind (1.0)/symmetric flux (0.0): 1.0
Mesh warping parameter: 0.0
Error matrix (rows=M_vec, cols=p_vec):
0.5123900621296522	0.4865689961339765	0.33603557366271425	0.25136910577315047	0.2399417548787862	0.07131109105665605	0.04197226347412908	0.010376354116689728
0.3840925548183509	0.1906645737440727	0.11942353389073443	0.020568004592605875	0.004577418266332056	0.000792064107356018	0.00011950368223818901	1.8345243659147226e-5
0.1598947183248229	0.03725189821602502	0.003996304537457149	0.00037036165114597014	3.902742164489678e-5	3.6433126078405464e-6	2.56844174149789e-7	2.378280631782627e-8
0.060783717084568076	0.009172094882909147	0.0005725316651861915	4.728877697615987e-5	2.7001762759968104e-6	1.8359010686942104e-7	1.0245461786164354e-8	7.18254966253988e-10
0.03218068367041668	0.0025695870176654797	0.00015921804960265662	8.668083539506768e-6	4.5905039190148506e-7	1.9636369894764418e-8	1.0305953647143122e-8	8.597499074766736e7

DOF matrix (rows=M_vec, cols=p_vec):
152.0	296.0	488.0	728.0	1016.0	1352.0	1736.0	2168.0
608.0	1184.0	1952.0	2912.0	4064.0	5408.0	6944.0	8672.0
2432.0	4736.0	7808.0	11648.0	16256.0	21632.0	27776.0	34688.0
5472.0	10656.0	17568.0	26208.0	36576.0	48672.0	62496.0	78048.0
9728.0	18944.0	31232.0	46592.0	65024.0	86528.0	111104.0	138752.0
dt matrix (rows=M_vec, cols=p_vec):
0.001	0.001	0.001	0.001	0.001	0.001	0.001	0.001
0.001	0.001	0.001	0.001	0.001	0.001	0.001	0.001
0.001	0.001	0.001	0.001	0.001	0.001	0.001	0.001
0.001	0.001	0.001	0.001	0.001	0.001	0.001	0.001
0.001	0.001	0.001	0.001	0.001	0.001	0.001	0.001
Setup times (seconds) for each (M,p) pair (rows=M_vec, cols=p_vec):
0.03172898292541504	0.047141075134277344	0.044708967208862305	0.0591130256652832	0.08098387718200684	0.14392781257629395	0.21589183807373047	0.5056569576263428
0.023719072341918945	0.028696060180664062	0.06716203689575195	0.059190988540649414	0.08501720428466797	0.13275408744812012	0.19060015678405762	0.4056050777435303
0.030765056610107422	0.058647871017456055	0.059995174407958984	0.08677196502685547	0.13191699981689453	0.18986892700195312	0.5361299514770508	0.6712749004364014
0.0877680778503418	0.05825495719909668	0.0948338508605957	0.15799379348754883	0.21025705337524414	0.32528209686279297	0.7830860614776611	1.4605259895324707
0.06869387626647949	0.0960850715637207	0.14487004280090332	0.23145604133605957	0.5404558181762695	0.7427289485931396	1.7644569873809814	2.0143239498138428
Run times (seconds) for each (M,p) pair (rows=M_vec, cols=p_vec):
0.27245283126831055	0.4187030792236328	0.416456937789917	0.4503519535064697	0.6139578819274902	0.9916350841522217	1.4802510738372803	2.727573871612549
0.31960582733154297	0.46965503692626953	0.713353157043457	1.0442581176757812	1.7466180324554443	2.858759880065918	5.333904027938843	9.885524988174438
0.7717118263244629	0.9240140914916992	1.5670921802520752	3.822476863861084	6.166921854019165	10.220525979995728	20.565194129943848	37.878296852111816
1.1014389991760254	1.6038281917572021	3.368903875350952	7.450926065444946	13.618214130401611	22.94641900062561	68.7540647983551	87.88284397125244
1.5596930980682373	2.9629859924316406	5.779417037963867	13.58271312713623	24.847997903823853	40.60307812690735	106.77447009086609	149.975998878479
