Run ended at: 2026-02-21_01:48:09
Run finished at: 2026-02-21_21:33:22
Operator type: NodalTPSSLGL
p_vec: [1, 2, 3, 4, 5, 6, 7, 8]
M_vec: [2, 4, 8, 12, 16]
Mac number: 0.5
angle: 0.0
Domain length L: 0.5
End time T: 1.0
Vortex strength: 0.45424929546350057
C_t 0.1
Upwind (1.0)/symmetric flux (0.0): 1.0
Mesh warping parameter: 0.0
Error matrix (rows=M_vec, cols=p_vec):
0.004788270099170599	0.0015942502355730586	0.0009520275860257422	0.0005119470311490917	0.00031371878437918643	0.00028357880416917444	0.000271910777259432	0.000266677767493642
0.0012810130408089718	0.0005402569258821741	0.00029512380782947855	0.000269239088095202	0.00026235693555664815	0.00025575029861148326	0.00025167997386327907	0.0002489000189979343
0.0005013390373283471	0.0002638552764773897	0.0002494964052915783	0.0002486562302140688	0.0002474219696785306	0.00024786031590979103	0.00024878422084423455	0.0002480295431652811
0.00032312876752057	0.0002485470180795284	0.00024388972503284519	0.00024990270490218917	0.00025804905088159575	0.0002608142039344146	0.0002614887286785165	0.0002630129489752527
0.00027611349633141307	0.00024372670730501804	0.0002427790468831614	0.0002544020207184443	0.0002661725688408373	0.00027208462880901166	0.00027401860778615756	0.00027459031403699716

DOF matrix (rows=M_vec, cols=p_vec):
152.0	296.0	488.0	728.0	1016.0	1352.0	1736.0	2168.0
608.0	1184.0	1952.0	2912.0	4064.0	5408.0	6944.0	8672.0
2432.0	4736.0	7808.0	11648.0	16256.0	21632.0	27776.0	34688.0
5472.0	10656.0	17568.0	26208.0	36576.0	48672.0	62496.0	78048.0
9728.0	18944.0	31232.0	46592.0	65024.0	86528.0	111104.0	138752.0

dt matrix (rows=M_vec, cols=p_vec):
0.0001	0.0001	0.0001	0.0001	0.0001	0.0001	0.0001	0.0001
0.0001	0.0001	0.0001	0.0001	0.0001	0.0001	0.0001	0.0001
0.0001	0.0001	0.0001	0.0001	0.0001	0.0001	0.0001	0.0001
0.0001	0.0001	0.0001	0.0001	0.0001	0.0001	0.0001	0.0001
0.0001	0.0001	0.0001	0.0001	0.0001	0.0001	0.0001	0.0001

Setup times (seconds) for each (M,p) pair (rows=M_vec, cols=p_vec):
0.2544710636138916	0.009446859359741211	0.04885721206665039	0.037966012954711914	0.09332418441772461	0.18618178367614746	0.29384899139404297	0.593235969543457
0.005414009094238281	0.009443044662475586	0.08522605895996094	0.18491506576538086	0.09967398643493652	0.18660593032836914	0.36493396759033203	0.48739099502563477
0.015127182006835938	0.021420001983642578	0.06801891326904297	0.1345500946044922	0.3503131866455078	0.2944788932800293	0.3076319694519043	0.6689589023590088
0.02538609504699707	0.04665398597717285	0.11974620819091797	0.17884302139282227	0.20632195472717285	0.30889105796813965	0.7903220653533936	1.2908411026000977
0.04044294357299805	0.08032011985778809	0.15013480186462402	0.26801395416259766	0.3614649772644043	0.5108590126037598	0.8710851669311523	2.926847219467163

Run times (seconds) for each (M,p) pair (rows=M_vec, cols=p_vec):
2.7748491764068604	4.87734317779541	16.427388191223145	29.563728094100952	54.336678981781006	96.6845109462738	158.98411679267883	305.75023317337036
5.615466833114624	18.843891143798828	59.484214067459106	113.81375002861023	209.73787212371826	372.1958980560303	609.1175920963287	999.4902319908142
23.753884077072144	73.76777696609497	224.56556916236877	444.174427986145	818.5564379692078	1453.0752489566803	2372.158107995987	4033.969608068466
49.93555188179016	165.1883111000061	440.88502192497253	1039.6337089538574	1830.387461900711	3248.336807012558	5370.849758863449	9534.329819202423
88.46548199653625	335.1637661457062	777.7506260871887	1680.646744966507	3248.6380910873413	5772.924200057983	9841.998368024826	15169.626708984375
